9783647101354
9783647101361
9783647101378
9783647101392
9783647101415
9783647230139
9783647278339
9783647300733
9783647300795
9783647301686
9783647301709
9783647301716
9783647301723
9783647317175
9783647331874
9783647351162
9783647360812
9783647360836
9783647367248
9783647367255
9783647369648
9783647369693
9783647370361
9783647402222
9783647402284
9783647402468
9783647402475
9783647402499
9783647402505
9783647403694
9783647403700
9783647403762
9783647403779
9783647404585
9783647452449
9783647460581
9783647480084
9783647512075
9783647531182
9783647532585
9783647533834
9783647533971
9783647534107
9783647534268
9783647534497
9783647540443
9783647542096
9783647550831
9783647550848
9783647550855
9783647550862
9783647550879
9783647550893
9783647559117
9783647559124
9783647560205
9783647560212
9783647564173
9783647564180
9783647564463
9783647569109
9783647569116
9783647569123
9783647570372
9783647570396
9783647572222
9783647572239
9783647572246
9783647593661
9783647593678
9783647624204
9783647624327
9783647770154
9783647800080
9783647800097
9783647800103
9783647800110
9783647806099
9783647806112
9783647874432
9783647996288
9783847003861
9783847003113
9783847003229
9783847003960
9783847003250
9783847004059
9783847003687
9783847003991
9783847003656
9783847003427
9783847003052
9783847003724
9783847003410
9783847004080
9783847003694
9783847004356
9783847003038
9783847004097
9783847003106
9783847003120
9783847003700
9783847003892
9783847002512
9783847003373
9783847003441
9783847004233
9783847004196
9783847004103
9783847004028
9783847004004
9783847004363
9783847003199
9783847003519
9783847003304
9783847003526
9783847004189
9783847003458
9783847003939
9783847003823
9783847003182
9783862340606
9783847003311
9783847003670
9783847004301
9783847004066
9783847004288
9783847003328
9783847003632
9783847003359
9783847003465
9783862340613
9783847004073
9783847003144
9783847003434
9783862340163
9783847003779
9783847003397
9783847003267
9783847003977
9783847003847
9783847003137
9783847002178
9783847003212
9783847003472
9783847003564
9783847004264
9783847003168
9783847004349
9783847003625
9783847002987
9783847003342
9783847003816
9783847004127
9783847003151
9783847003403
9783862340538
9783847003786
9783847003717
9783847003366
9783847003953
9783862340095
9783847003274
9783847003854
9783847003601
9783847003175
9783847003809
9783847003205
9783847003243
9783847003335
9783847004035
