9783525017241
9783525100172
9783525100233
9783525100264
9783525100288
9783525100295
9783525100301
9783525100318
9783525100325
9783525100332
9783525100349
9783525100356
9783525100363
9783525100370
9783525100387
9783525100394
9783525100400
9783525100417
9783525100424
9783525100431
9783525100448
9783525100462
9783525100479
9783525100486
9783525100493
9783525100516
9783525100523
9783525100530
9783525100547
9783525100554
9783525100639
9783525100653
9783525100660
9783525100677
9783525100684
9783525100707
9783525100714
9783525100721
9783525100738
9783525100745
9783525100752
9783525100769
9783525100776
9783525100783
9783525100790
9783525100806
9783525100813
9783525100820
9783525100837
9783525100851
9783525100868
9783525100875
9783525100882
9783525100899
9783525100905
9783525201275
9783525207703
9783525252529
9783525252543
9783525253090
9783525255223
9783525255247
9783525255261
9783525261378
9783525261590
9783525261606
9783525261637
9783525261644
9783525261668
9783525264010
9783525278215
9783525300336
9783525301418
9783525335642
9783525355435
9783525358597
9783525365175
9783525403471
9783525451540
9783525462454
9783525462461
9783525512074
9783525513613
9783525521076
9783525521427
9783525521731
9783525521762
9783525530405
9783525531464
9783525534106
9783525534328
9783525534472
9783525536247
9783525536254
9783525539736
9783525539842
9783525540244
9783525540299
9783525554487
9783525556092
9783525556443
9783525557587
9783525559055
9783525559116
9783525559123
9783525572122
9783525572177
9783525572221
9783525572238
9783525580387
9783525581810
9783525603857
9783525612675
9783525614266
9783525616208
9783525623015
9783525624203
9783525641972
9783525641989
9783525641996
9783525642009
9783525642016
9783525642023
9783525652619
9783525652626
9783525652633
9783525701775
9783525702178
9783525710197
9783525710593
9783525716250
9783525717516
9783525776490
9783525776506
9783525801987
9783525802007
9783525802014
9783525825259
9783525857960
9783525858530
9783525858547
9783525871218
9783525871577
9783525874431
9783525874448
9783647310268
9783647462707
9783647559100
9783647569130
9783647569154
9783647569161
9783647770109
9783647770130
9783647880006
9783647880013
9783647880020
9783647900001
9783647900032
9783647900049
9783647900056
9783647900070
9783647900124
9783647900131
9783647900148
9783647900162
9783647900186
9783647900193
9783647900254
9783647900261
9783647900308
9783647900322
9783647900339
9783647900353
9783647920009
9783847004172
9783899716054
9783899716023
9783899716160
9783862346615
9783899716443
9783899716399
9783899715866
9783847002901
9783899716740
9783899716863
9783899716702
9783847004295
9783847004479
9783847004431
9783847003984
9783899716146
9783899716429
9783899716580
9783899717457
9783847004417
9783847002154
9783899716061
9783899716498
9783899715958
9783899715798
9783899716450
9783899716801
9783847004394
9783847003830
